IMG0111 209 252 269 298
IMG0112 205 251 253 300
IMG0113 204 249 247 301
IMG0114 200 245 253 304
IMG0115 198 246 250 304
IMG0116 198 247 250 306
IMG0117 196 245 256 306
IMG0118 196 244 251 307
IMG0119 193 246 248 308
IMG0120 196 243 244 309
IMG0121 194 233 254 308
IMG0122 193 228 258 308
IMG0123 192 227 260 308
IMG0124 193 225 261 311
IMG0125 193 223 256 312
IMG0126 191 223 257 308
IMG0127 191 222 260 311
IMG0128 190 221 260 312
IMG0129 192 220 257 313
IMG0130 190 219 272 311
IMG0131 191 218 276 307
IMG0132 188 218 284 309
IMG0133 190 217 281 307
IMG0134 190 217 280 308
IMG0135 193 215 273 307
IMG0136 194 214 276 307
IMG0137 188 210 273 307
IMG0138 190 213 274 307
IMG0139 185 207 268 309
IMG0140 188 215 276 306
IMG0141 187 216 273 305
IMG0142 190 219 278 306
IMG0143 191 216 278 305
IMG0144 186 218 279 310
IMG0145 183 215 278 307
IMG0146 179 218 277 310
IMG0147 186 220 278 306
IMG0148 181 218 273 308
IMG0149 176 224 282 303
IMG0150 172 226 282 306
image_00031 650 423 733 521
image_00032 644 418 738 523
image_00033 638 388 738 530
image_00034 640 379 750 532
image_00035 627 376 750 529
image_00036 690 374 770 533
image_00037 688 415 778 530
image_00038 690 403 787 525
image_00039 728 397 781 510
image_00040 737 404 781 481
